2009 0775	1157	2009	septembrie	17
2009 1641	1151	2009	septembrie	15
2009 2173	1338	2009	octombrie	22
2009 2174	1338	2009	octombrie	22
2009 3140	1633	2009	decembrie	3
2009 3248	1380	2009	octombrie	27
2009 4126	64	2010	ianuarie	19
2009 4720	1505	2009	noiembrie	12
2009 5433	22	2010	ianuarie	12
2009 5737	137	2010	februarie	25
2009 5839	1705	2009	decembrie	17
2009 6106	1705	2009	decembrie	17
2009 6740	604	2010	mai	6
2009 7327	107	2010	februarie	4
2009 7472	875	2010	iulie	6
2009 7663	765	2010	iunie	3
2009 7691	639	2010	mai	11
2009 7742	645	2010	mai	11
2009 7745	879	2010	iulie	6
2009 7824	771	2010	iunie	3
2009 7910	838	2010	iunie	24
2009 7969	777	2010	iunie	3
2009 7973	978	2010	iulie	8
2009 8002	918	2010	iulie	6
2009 8004	821	2010	iunie	22
2009 8046	934	2010	iulie	6
2009 8056	936	2010	iulie	6
2009 8071	986	2010	iulie	8
2009 8104	991	2010	iulie	8
2009 8115	992	2010	iulie	8
2009 8127	784	2010	iunie	3
2009 8128	993	2010	iulie	8
2009 8135	994	2010	iulie	8
2009 8137	995	2010	iulie	8
2009 8138	996	2010	iulie	8
2009 8149	998	2010	iulie	8
2009 8166	1000	2010	iulie	8
2009 8170	885	2010	iulie	6
2009 8179	1002	2010	iulie	8
2009 8197	830	2010	iunie	22
2009 8207	944	2010	iulie	6
2009 8229	739	2010	iunie	1
2009 8240	1004	2010	iulie	8
2009 8241	830	2010	iunie	22
2009 8243	998	2010	iulie	8
2009 8265	741	2010	iunie	1
2009 8270	946	2010	iulie	6
2009 8319	949	2010	iulie	6
2009 8321	1007	2010	iulie	8
2009 8346	846	2010	iunie	24
2009 8352	891	2010	iulie	6
2009 8441	586	2010	mai	4
2009 8476	893	2010	iulie	6
2009 8487	751	2010	iunie	1
2009 8491	849	2010	iunie	24
2009 8505	1009	2010	iulie	8
2009 8515	950	2010	iulie	6
2009 8521	853	2010	iunie	24
2009 8760	796	2010	iunie	3
2009 8900	650	2010	mai	11
2010 0006	858	2010	iunie	24
2010 0016	798	2010	iunie	3
2010 0036	951	2010	iulie	6
2010 0038	899	2010	iulie	6
2010 0046	860	2010	iunie	24
2010 0066	861	2010	iunie	24
2010 0067	861	2010	iunie	24
2010 0073	901	2010	iulie	6
2010 0119	862	2010	iunie	24
2010 0129	650	2010	mai	11
2010 0144	953	2010	iulie	6
2010 0163	628	2010	mai	6
2010 0170	902	2010	iulie	6
2010 0209	956	2010	iulie	6
2010 0218	957	2010	iulie	6
2010 0222	958	2010	iulie	6
2010 0224	903	2010	iulie	6
2010 0232	959	2010	iulie	6
2010 0239	823	2010	iunie	22
2010 0248	852	2010	iunie	24
2010 0250	960	2010	iulie	6
2010 0261	823	2010	iunie	22
2010 0275	808	2010	iunie	3
2010 0279	809	2010	iunie	3
2010 0281	811	2010	iunie	3
2010 0343	813	2010	iunie	3
2010 0361	863	2010	iunie	24
2010 0362	814	2010	iunie	3
2010 0402	815	2010	iunie	3
2010 0406	962	2010	iulie	6
2010 0408	963	2010	iulie	6
2010 0427	964	2010	iulie	6
2010 0435	965	2010	iulie	6
2010 0446	817	2010	iunie	3
2010 0448	966	2010	iulie	6
2010 0458	955	2010	iulie	6
2010 0464	969	2010	iulie	6
2010 0466	970	2010	iulie	6
2010 0516	1013	2010	iulie	8
2010 0531	973	2010	iulie	6
2010 0539	819	2010	iunie	3
2010 0540	972	2010	iulie	6
2010 0554	905	2010	iulie	6
2010 0561	906	2010	iulie	6
2010 0564	908	2010	iulie	6
2010 0584	912	2010	iulie	6
2010 0588	913	2010	iulie	6
2010 0590	914	2010	iulie	6
2010 0675	868	2010	iunie	24
2010 0676	868	2010	iunie	24
2010 1060	1014	2010	iulie	8
